1   1   4.000000e+00
1   51   -1.000000e+00
1   56   -1.000000e+00
2   51   -1.000000e+00
2   2   4.000000e+00
2   52   -1.000000e+00
2   57   -1.000000e+00
3   52   -1.000000e+00
3   3   4.000000e+00
3   53   -1.000000e+00
3   58   -1.000000e+00
4   53   -1.000000e+00
4   4   4.000000e+00
4   54   -1.000000e+00
4   59   -1.000000e+00
5   54   -1.000000e+00
5   5   4.000000e+00
5   55   -1.000000e+00
5   60   -1.000000e+00
6   51   -1.000000e+00
6   56   -1.000000e+00
6   6   4.000000e+00
6   57   -1.000000e+00
6   61   -1.000000e+00
7   52   -1.000000e+00
7   57   -1.000000e+00
7   7   4.000000e+00
7   58   -1.000000e+00
7   62   -1.000000e+00
8   53   -1.000000e+00
8   58   -1.000000e+00
8   8   4.000000e+00
8   59   -1.000000e+00
8   63   -1.000000e+00
9   54   -1.000000e+00
9   59   -1.000000e+00
9   9   4.000000e+00
9   60   -1.000000e+00
9   64   -1.000000e+00
10   55   -1.000000e+00
10   60   -1.000000e+00
10   10   4.000000e+00
10   65   -1.000000e+00
11   56   -1.000000e+00
11   11   4.000000e+00
11   61   -1.000000e+00
11   66   -1.000000e+00
12   57   -1.000000e+00
12   61   -1.000000e+00
12   12   4.000000e+00
12   62   -1.000000e+00
12   67   -1.000000e+00
13   58   -1.000000e+00
13   62   -1.000000e+00
13   13   4.000000e+00
13   63   -1.000000e+00
13   68   -1.000000e+00
14   59   -1.000000e+00
14   63   -1.000000e+00
14   14   4.000000e+00
14   64   -1.000000e+00
14   69   -1.000000e+00
15   60   -1.000000e+00
15   64   -1.000000e+00
15   15   4.000000e+00
15   65   -1.000000e+00
15   70   -1.000000e+00
16   61   -1.000000e+00
16   66   -1.000000e+00
16   16   4.000000e+00
16   67   -1.000000e+00
16   71   -1.000000e+00
17   62   -1.000000e+00
17   67   -1.000000e+00
17   17   4.000000e+00
17   68   -1.000000e+00
17   72   -1.000000e+00
18   63   -1.000000e+00
18   68   -1.000000e+00
18   18   4.000000e+00
18   69   -1.000000e+00
18   73   -1.000000e+00
19   64   -1.000000e+00
19   69   -1.000000e+00
19   19   4.000000e+00
19   70   -1.000000e+00
19   74   -1.000000e+00
20   65   -1.000000e+00
20   70   -1.000000e+00
20   20   4.000000e+00
20   75   -1.000000e+00
21   66   -1.000000e+00
21   21   4.000000e+00
21   71   -1.000000e+00
21   76   -1.000000e+00
22   67   -1.000000e+00
22   71   -1.000000e+00
22   22   4.000000e+00
22   72   -1.000000e+00
22   77   -1.000000e+00
23   68   -1.000000e+00
23   72   -1.000000e+00
23   23   4.000000e+00
23   73   -1.000000e+00
23   78   -1.000000e+00
24   69   -1.000000e+00
24   73   -1.000000e+00
24   24   4.000000e+00
24   74   -1.000000e+00
24   79   -1.000000e+00
25   70   -1.000000e+00
25   74   -1.000000e+00
25   25   4.000000e+00
25   75   -1.000000e+00
25   80   -1.000000e+00
26   71   -1.000000e+00
26   76   -1.000000e+00
26   26   4.000000e+00
26   77   -1.000000e+00
26   81   -1.000000e+00
27   72   -1.000000e+00
27   77   -1.000000e+00
27   27   4.000000e+00
27   78   -1.000000e+00
27   82   -1.000000e+00
28   73   -1.000000e+00
28   78   -1.000000e+00
28   28   4.000000e+00
28   79   -1.000000e+00
28   83   -1.000000e+00
29   74   -1.000000e+00
29   79   -1.000000e+00
29   29   4.000000e+00
29   80   -1.000000e+00
29   84   -1.000000e+00
30   75   -1.000000e+00
30   80   -1.000000e+00
30   30   4.000000e+00
30   85   -1.000000e+00
31   76   -1.000000e+00
31   31   4.000000e+00
31   81   -1.000000e+00
31   86   -1.000000e+00
32   77   -1.000000e+00
32   81   -1.000000e+00
32   32   4.000000e+00
32   82   -1.000000e+00
32   87   -1.000000e+00
33   78   -1.000000e+00
33   82   -1.000000e+00
33   33   4.000000e+00
33   83   -1.000000e+00
33   88   -1.000000e+00
34   79   -1.000000e+00
34   83   -1.000000e+00
34   34   4.000000e+00
34   84   -1.000000e+00
34   89   -1.000000e+00
35   80   -1.000000e+00
35   84   -1.000000e+00
35   35   4.000000e+00
35   85   -1.000000e+00
35   90   -1.000000e+00
36   81   -1.000000e+00
36   86   -1.000000e+00
36   36   4.000000e+00
36   87   -1.000000e+00
36   91   -1.000000e+00
37   82   -1.000000e+00
37   87   -1.000000e+00
37   37   4.000000e+00
37   88   -1.000000e+00
37   92   -1.000000e+00
38   83   -1.000000e+00
38   88   -1.000000e+00
38   38   4.000000e+00
38   89   -1.000000e+00
38   93   -1.000000e+00
39   84   -1.000000e+00
39   89   -1.000000e+00
39   39   4.000000e+00
39   90   -1.000000e+00
39   94   -1.000000e+00
40   85   -1.000000e+00
40   90   -1.000000e+00
40   40   4.000000e+00
40   95   -1.000000e+00
41   86   -1.000000e+00
41   41   4.000000e+00
41   91   -1.000000e+00
41   96   -1.000000e+00
42   87   -1.000000e+00
42   91   -1.000000e+00
42   42   4.000000e+00
42   92   -1.000000e+00
42   97   -1.000000e+00
43   88   -1.000000e+00
43   92   -1.000000e+00
43   43   4.000000e+00
43   93   -1.000000e+00
43   98   -1.000000e+00
44   89   -1.000000e+00
44   93   -1.000000e+00
44   44   4.000000e+00
44   94   -1.000000e+00
44   99   -1.000000e+00
45   90   -1.000000e+00
45   94   -1.000000e+00
45   45   4.000000e+00
45   95   -1.000000e+00
45   100   -1.000000e+00
46   91   -1.000000e+00
46   96   -1.000000e+00
46   46   4.000000e+00
46   97   -1.000000e+00
47   92   -1.000000e+00
47   97   -1.000000e+00
47   47   4.000000e+00
47   98   -1.000000e+00
48   93   -1.000000e+00
48   98   -1.000000e+00
48   48   4.000000e+00
48   99   -1.000000e+00
49   94   -1.000000e+00
49   99   -1.000000e+00
49   49   4.000000e+00
49   100   -1.000000e+00
50   95   -1.000000e+00
50   100   -1.000000e+00
50   50   4.000000e+00
51   1   -1.000000e+00
51   51   4.000000e+00
51   2   -1.000000e+00
51   6   -1.000000e+00
52   2   -1.000000e+00
52   52   4.000000e+00
52   3   -1.000000e+00
52   7   -1.000000e+00
53   3   -1.000000e+00
53   53   4.000000e+00
53   4   -1.000000e+00
53   8   -1.000000e+00
54   4   -1.000000e+00
54   54   4.000000e+00
54   5   -1.000000e+00
54   9   -1.000000e+00
55   5   -1.000000e+00
55   55   4.000000e+00
55   10   -1.000000e+00
56   1   -1.000000e+00
56   56   4.000000e+00
56   6   -1.000000e+00
56   11   -1.000000e+00
57   2   -1.000000e+00
57   6   -1.000000e+00
57   57   4.000000e+00
57   7   -1.000000e+00
57   12   -1.000000e+00
58   3   -1.000000e+00
58   7   -1.000000e+00
58   58   4.000000e+00
58   8   -1.000000e+00
58   13   -1.000000e+00
59   4   -1.000000e+00
59   8   -1.000000e+00
59   59   4.000000e+00
59   9   -1.000000e+00
59   14   -1.000000e+00
60   5   -1.000000e+00
60   9   -1.000000e+00
60   60   4.000000e+00
60   10   -1.000000e+00
60   15   -1.000000e+00
61   6   -1.000000e+00
61   11   -1.000000e+00
61   61   4.000000e+00
61   12   -1.000000e+00
61   16   -1.000000e+00
62   7   -1.000000e+00
62   12   -1.000000e+00
62   62   4.000000e+00
62   13   -1.000000e+00
62   17   -1.000000e+00
63   8   -1.000000e+00
63   13   -1.000000e+00
63   63   4.000000e+00
63   14   -1.000000e+00
63   18   -1.000000e+00
64   9   -1.000000e+00
64   14   -1.000000e+00
64   64   4.000000e+00
64   15   -1.000000e+00
64   19   -1.000000e+00
65   10   -1.000000e+00
65   15   -1.000000e+00
65   65   4.000000e+00
65   20   -1.000000e+00
66   11   -1.000000e+00
66   66   4.000000e+00
66   16   -1.000000e+00
66   21   -1.000000e+00
67   12   -1.000000e+00
67   16   -1.000000e+00
67   67   4.000000e+00
67   17   -1.000000e+00
67   22   -1.000000e+00
68   13   -1.000000e+00
68   17   -1.000000e+00
68   68   4.000000e+00
68   18   -1.000000e+00
68   23   -1.000000e+00
69   14   -1.000000e+00
69   18   -1.000000e+00
69   69   4.000000e+00
69   19   -1.000000e+00
69   24   -1.000000e+00
70   15   -1.000000e+00
70   19   -1.000000e+00
70   70   4.000000e+00
70   20   -1.000000e+00
70   25   -1.000000e+00
71   16   -1.000000e+00
71   21   -1.000000e+00
71   71   4.000000e+00
71   22   -1.000000e+00
71   26   -1.000000e+00
72   17   -1.000000e+00
72   22   -1.000000e+00
72   72   4.000000e+00
72   23   -1.000000e+00
72   27   -1.000000e+00
73   18   -1.000000e+00
73   23   -1.000000e+00
73   73   4.000000e+00
73   24   -1.000000e+00
73   28   -1.000000e+00
74   19   -1.000000e+00
74   24   -1.000000e+00
74   74   4.000000e+00
74   25   -1.000000e+00
74   29   -1.000000e+00
75   20   -1.000000e+00
75   25   -1.000000e+00
75   75   4.000000e+00
75   30   -1.000000e+00
76   21   -1.000000e+00
76   76   4.000000e+00
76   26   -1.000000e+00
76   31   -1.000000e+00
77   22   -1.000000e+00
77   26   -1.000000e+00
77   77   4.000000e+00
77   27   -1.000000e+00
77   32   -1.000000e+00
78   23   -1.000000e+00
78   27   -1.000000e+00
78   78   4.000000e+00
78   28   -1.000000e+00
78   33   -1.000000e+00
79   24   -1.000000e+00
79   28   -1.000000e+00
79   79   4.000000e+00
79   29   -1.000000e+00
79   34   -1.000000e+00
80   25   -1.000000e+00
80   29   -1.000000e+00
80   80   4.000000e+00
80   30   -1.000000e+00
80   35   -1.000000e+00
81   26   -1.000000e+00
81   31   -1.000000e+00
81   81   4.000000e+00
81   32   -1.000000e+00
81   36   -1.000000e+00
82   27   -1.000000e+00
82   32   -1.000000e+00
82   82   4.000000e+00
82   33   -1.000000e+00
82   37   -1.000000e+00
83   28   -1.000000e+00
83   33   -1.000000e+00
83   83   4.000000e+00
83   34   -1.000000e+00
83   38   -1.000000e+00
84   29   -1.000000e+00
84   34   -1.000000e+00
84   84   4.000000e+00
84   35   -1.000000e+00
84   39   -1.000000e+00
85   30   -1.000000e+00
85   35   -1.000000e+00
85   85   4.000000e+00
85   40   -1.000000e+00
86   31   -1.000000e+00
86   86   4.000000e+00
86   36   -1.000000e+00
86   41   -1.000000e+00
87   32   -1.000000e+00
87   36   -1.000000e+00
87   87   4.000000e+00
87   37   -1.000000e+00
87   42   -1.000000e+00
88   33   -1.000000e+00
88   37   -1.000000e+00
88   88   4.000000e+00
88   38   -1.000000e+00
88   43   -1.000000e+00
89   34   -1.000000e+00
89   38   -1.000000e+00
89   89   4.000000e+00
89   39   -1.000000e+00
89   44   -1.000000e+00
90   35   -1.000000e+00
90   39   -1.000000e+00
90   90   4.000000e+00
90   40   -1.000000e+00
90   45   -1.000000e+00
91   36   -1.000000e+00
91   41   -1.000000e+00
91   91   4.000000e+00
91   42   -1.000000e+00
91   46   -1.000000e+00
92   37   -1.000000e+00
92   42   -1.000000e+00
92   92   4.000000e+00
92   43   -1.000000e+00
92   47   -1.000000e+00
93   38   -1.000000e+00
93   43   -1.000000e+00
93   93   4.000000e+00
93   44   -1.000000e+00
93   48   -1.000000e+00
94   39   -1.000000e+00
94   44   -1.000000e+00
94   94   4.000000e+00
94   45   -1.000000e+00
94   49   -1.000000e+00
95   40   -1.000000e+00
95   45   -1.000000e+00
95   95   4.000000e+00
95   50   -1.000000e+00
96   41   -1.000000e+00
96   96   4.000000e+00
96   46   -1.000000e+00
97   42   -1.000000e+00
97   46   -1.000000e+00
97   97   4.000000e+00
97   47   -1.000000e+00
98   43   -1.000000e+00
98   47   -1.000000e+00
98   98   4.000000e+00
98   48   -1.000000e+00
99   44   -1.000000e+00
99   48   -1.000000e+00
99   99   4.000000e+00
99   49   -1.000000e+00
100   45   -1.000000e+00
100   49   -1.000000e+00
100   100   4.000000e+00
100   50   -1.000000e+00
